Bulbasaur
1
10
3
45
49
49
65
65
45
Ivysaur
2
10
3
60
62
63
80
80
60

Venusaur
3
10
3
80
82
83
100
100
80
Charmander
4
8
-1
39
52
43
60
50
65
Charmeleon
5
8
-1
58
64
58
80
65
80
Charizard
6
8
2
78
84
78
109
85
100
Squirtle
7
9
-1
44
48
65
50
64
43
Wartortle
8
9
-1
59
63
80
65
80
58
Blastoise
9
9
-1
79
83
100
85
105
78
Caterpie
10
6
-1
45
30
35
20
20
45
Metapod
11
6
-1
50
20
55
25
25
30
Butterfree
12
6
2
60
45
50
90
80
70
Weedle
13
6
3
40
35
30
20
20
50
Kakuna
14
6
3
45
25
50
25
25
35
Beedrill
15
6
3
65
90
40
45
80
75
Pidgey
16
2
0
40
45
40
35
35
56
Pidgeotto
17
2
0
63
60
55
55
50
50
71
Pidgeot
18
2
0
83
80
75
70
70
101
Rattatta
19
0
-1
30
56
35
35
25
35
72
Raticate
20
0
-1
55
81
60
50
70
97
Spearow
21
2
0
40
60
30
31
31
70
Fearow
22
2
0
65
90
65
61
61
100
Ekans
23
3
-1
35
60
44
40
54
55
Arbok
24
3
-1
60
95
69
65
79
80
Pikachu
25
11
-1
35
55
40
50
50
90
Raichu
16
11
-1
60
90
55
90
80
110
Sandshrew
27
4
-1
50
75
85
20
30
40
Sandslash
28
4
-1
75
100
110
45
55
65
NidoranF
29
3
-1
55
47
52
40
40
41
Nidorina
30
3
-1
70
62
67
55
55
56
Nidoqueen
31
3
4
90
92
87
75
85
76
NidoranM
32
3
-1
46
57
40
40
40
50
Nidorino
33
3
-1
61
72
57
55
55
65
Nidoking
34
3
4
81
102
77
85
75
85
Clefairy
35
0
-1
70
45
48
60
65
35


	